# holdings.yaml — three tracks. 'shares' (ticker: qty) and
# 'crypto_shares' (coin: qty) are the source of truth for any normally
# -traded position or coin — live-valued every run via Alpaca (qty x
# latest price). Update with 'allocate.py update-shares' / 'update-crypto-shares'
# after a real buy/sell/trim changes a count.
# 'holdings' (ticker: dollar value) is the manual fallback for anything
# NOT share-tracked: just SKHY now (permanent zero-coverage gap on the
# free IEX feed — RSI/trend gates can never fire for it).
# Update it with 'allocate.py update-holdings'.
# margin: synced via 'allocate.py update-margin <debt> <buffer_pct>' — buffer_pct comes from Robinhood directly (per-security maintenance
# ratios aren't available via Alpaca), so it's only as fresh as the last sync. Verify on Robinhood before any large margin-funded buy.
# IMPORTANT: always use Robinhood's own DISPLAYED buffer % — do not derive
# it from (portfolio value - maint req) / portfolio value. Checked twice
# against real screens and it doesn't reconcile (off by several points);
# Robinhood's actual formula weights something this simple subtraction misses.
margin:
  debt: 2679.4
  buffer_pct: 61.08
  synced_at: 2026-07-14
holdings:
  SKHY: 24.45
shares:
  AAPL: 0.13757
  ABBV: 0.173176
  AMAT: 0.207485
  AMD: 0.183645
  AMZN: 1.087085
  ASML: 0.114384
  AVGO: 0.375702
  BABA: 0.925219
  BRK.B: 0.220004
  CAT: 0.112512
  CEG: 0.425616
  COST: 0.195858
  CRM: 0.468416
  CRWD: 0.239072
  CVX: 0.693765
  DELL: 0.10099
  DHR: 0.482798
  EQIX: 0.096773
  ETN: 0.262049
  GEV: 0.304629
  GILD: 0.891678
  GLD: 0.61757
  GNRC: 0.320007
  GOOGL: 0.9411
  HOOD: 0.381506
  IBM: 0.365786
  INTC: 1.324933
  ISRG: 0.378446
  JNJ: 0.16497
  JPM: 0.129451
  KLAC: 0.304258
  LLY: 0.283244
  LRCX: 0.220697
  MA: 0.243763
  META: 0.499205
  MLM: 0.219284
  MRK: 0.828679
  MRVL: 0.136292
  MSFT: 0.742767
  MU: 0.037809
  NFLX: 1.049643
  NOW: 0.393749
  NVDA: 0.917642
  ORCL: 0.541227
  PANW: 0.137346
  PLTR: 0.800379
  PWR: 0.133949
  QQQ: 0.208877
  RKLB: 1.827858
  RTX: 0.225138
  SHOP: 0.332841
  SPCX: 0.394204
  SPY: 0.25105
  SYK: 0.311095
  TMO: 0.2038
  TSLA: 0.252735
  TSM: 0.456002
  UBER: 1.40443
  UNH: 0.100012
  V: 0.95074
  VRT: 0.332404
  WDC: 0.15222
  WMT: 1.469458
  XOM: 0.553764
crypto_shares:
  ETH: 0.209385
  SOL: 4.30301
