# holdings.yaml — three tracks. 'shares' (ticker: qty) and
# 'crypto_shares' (coin: qty) are the source of truth for any normally
# -traded position or coin — live-valued every run via Alpaca (qty x
# latest price). Update with 'allocate.py update-shares' / 'update-crypto-shares'
# after a real buy/sell/trim changes a count.
# 'holdings' (ticker: dollar value) is the manual fallback for anything
# NOT share-tracked. Currently empty/unused.
# Update it with 'allocate.py update-holdings' if a future ticker needs it.
# margin: synced via 'allocate.py update-margin <debt> <buffer_pct>' — buffer_pct comes from Robinhood directly (per-security maintenance
# ratios aren't available via Alpaca), so it's only as fresh as the last sync. Verify on Robinhood before any large margin-funded buy.
# IMPORTANT: always use Robinhood's own DISPLAYED buffer % — do not derive
# it from (portfolio value - maint req) / portfolio value. Checked twice
# against real screens and it doesn't reconcile (off by several points);
# Robinhood's actual formula weights something this simple subtraction misses.
margin:
  debt: 1590.4
  buffer_pct: 63.12
  synced_at: 2026-07-22
holdings:
  {}
shares:
  AAPL: 0.31741
  ABBV: 0.1841
  AMAT: 0.207485
  AMD: 0.183645
  AMZN: 0.423377
  ASML: 0.116177
  AVGO: 0.375702
  BABA: 0.40538
  BRK.B: 0.220004
  CAT: 0.112512
  CEG: 0.425616
  COST: 0.227127
  CRM: 0.468416
  CRWD: 0.250108
  CVX: 0.24395
  DELL: 0.105858
  DHR: 0.579883
  EQIX: 0.100046
  ETN: 0.262049
  GEV: 0.208382
  GILD: 0.351911
  GLD: 0.61757
  GNRC: 0.320007
  GOOGL: 0.602817
  HOOD: 0.444144
  IBM: 0.365786
  INTC: 1.324933
  ISRG: 0.300031
  JNJ: 0.183537
  JPM: 0.134696
  KLAC: 0.304258
  LLY: 0.179485
  LRCX: 0.220697
  MA: 0.243947
  META: 0.332674
  MLM: 0.219284
  MRK: 0.365049
  MRVL: 0.219699
  MSFT: 0.742767
  MU: 0.048267
  NFLX: 1.049643
  NOW: 0.483951
  NVDA: 0.986492
  ORCL: 0.546724
  PANW: 0.137346
  PLTR: 0.800379
  PWR: 0.160774
  QQQ: 0.208877
  RKLB: 1.827858
  RTX: 0.240403
  SHOP: 0.398801
  SKHY: 0.278473
  SPCX: 0.502727
  SPY: 0.25105
  SYK: 0.331131
  TMO: 0.2038
  TSLA: 0.252735
  TSM: 0.520584
  UBER: 1.40443
  UNH: 0.108022
  V: 0.589274
  VRT: 0.332404
  WDC: 0.15222
  WMT: 0.946015
  XOM: 0.309994
crypto_shares:
  BTC: 0.00460473
  ETH: 0.09626669542680465
  SOL: 4.305982115
